[[254 242 117 ...  66 240  20]
 [142 212 177 ... 208 111 113]
 [237 167  95 ...  12 206 144]
 ...
 [ 82 217  75 ... 239  93 130]
 [118  36  67 ... 241  55 111]
 [169  36 235 ... 147  54 177]]
[[211  19  23 ... 200  16 157]
 [103  62 227 ... 166 137 138]
 [250 139 227 ... 177 231 233]
 ...
 [ 27  62 239 ... 204  48 210]
 [123  46  40 ...  13 131 134]
 [201 121 196 ... 155 181 212]]
[[216 139  37 ...  95  36 124]
 [137  58  54 ... 228 223 113]
 [ 38 114 214 ... 108 243  28]
 ...
 [ 78  56 174 ...  73 170  34]
 [131 254 235 ...  86  40  97]
 [117 118 144 ...  74   3   2]]
